30000 0.000000 0.000000 0.000000 0.000000 0.000000 0.000000 0.003000

31000 0.000000 0.000000 0.000000 0.000000 0.000000 0.000000 0.003000

32000 0.000000 0.000000 0.000000 0.000000 0.000000 0.000000 0.003000

33000 0.000000 0.000000 0.000000 0.000000 0.000000 0.000000 0.003000

34000 0.000000 0.000000 0.000000 0.000000 0.000000 0.000000 0.003000

35000 0.000000 0.000000 0.000000 0.000000 0.000000 0.000000 0.003000

36000 0.000000 0.000000 0.000000 0.000000 0.000000 0.000000 0.003000

37000 0.000000 0.000000 0.000000 0.000000 0.000000 0.000000 0.003000

38000 0.000000 0.000000 0.000000 0.000000 0.000000 0.000000 0.003000

39000 0.000000 0.000000 0.000000 0.000000 0.000000 0.000000 0.004000

40000 0.000000 0.000000 0.000000 0.000000 0.000000 0.000000 0.004000

41000 0.000000 0.000000 0.000000 0.000000 0.000000 0.000000 0.004000

42000 0.000000 0.000000 0.000000 0.000000 0.000000 0.000000 0.004000

43000 0.000000 0.000000 0.000000 0.000000 0.000000 0.000000 0.004000

44000 0.000000 0.000000 0.000000 0.000000 0.000000 0.000000 0.004000

45000 0.000000 0.000000 0.000000 0.000000 0.000000 0.000000 0.004000

46000 0.000000 0.000000 0.000000 0.000000 0.000000 0.000000 0.004000

47000 0.000000 0.000000 0.000000 0.000000 0.000000 0.000000 0.004000

48000 0.000000 0.000000 0.000000 0.000000 0.000000 0.000000 0.005000

49000 0.000000 0.000000 0.000000 0.000000 0.000000 0.000000 0.005000

50000 0.000000 0.000000 0.000000 0.000000 0.000000 0.000000 0.005000

51000 0.000000 0.000000 0.000000 0.000000 0.000000 0.000000 0.005000

52000 0.000000 0.000000 0.000000 0.000000 0.000000 0.000000 0.005000

53000 0.000000 0.000000 0.000000 0.000000 0.000000 0.000000 0.005000

54000 0.000000 0.000000 0.000000 0.000000 0.000000 0.000000 0.005000

55000 0.000000 0.000000 0.000000 0.000000 0.000000 0.000000 0.005000

56000 0.000000 0.000000 0.000000 0.000000 0.000000 0.000000 0.006000

57000 0.000000 0.000000 0.000000 0.000000 0.000000 0.000000 0.005000

58000 0.000000 0.000000 0.000000 0.000000 0.000000 0.000000 0.006000

59000 0.000000 0.000000 0.000000 0.000000 0.000000 0.000000 0.006000

60000 0.000000 0.000000 0.000000 0.000000 0.000000 0.000000 0.006000

61000 0.000000 0.000000 0.000000 0.000000 0.000000 0.000000 0.006000

62000 0.000000 0.000000 0.000000 0.000000 0.000000 0.000000 0.006000

63000 0.000000 0.000000 0.000000 0.000000 0.000000 0.000000 0.006000

64000 0.000000 0.000000 0.000000 0.000000 0.000000 0.000000 0.007000

65000 0.000000 0.000000 0.000000 0.000000 0.000000 0.000000 0.006000

66000 0.000000 0.000000 0.000000 0.000000 0.000000 0.000000 0.006000

67000 0.000000 0.000000 0.000000 0.000000 0.000000 0.000000 0.007000

68000 0.000000 0.000000 0.000000 0.000000 0.000000 0.000000 0.007000

69000 0.000000 0.000000 0.000000 0.000000 0.000000 0.000000 0.007000

70000 0.000000 0.000000 0.000000 0.000000 0.000000 0.000000 0.007000

71000 0.000000 0.000000 0.000000 0.000000 0.000000 0.000000 0.007000

72000 0.000000 0.000000 0.000000 0.000000 0.000000 0.000000 0.007000

73000 0.000000 0.000000 0.000000 0.000000 0.000000 0.000000 0.007000

74000 0.000000 0.000000 0.000000 0.000000 0.000000 0.000000 0.007000

75000 0.000000 0.000000 0.000000 0.000000 0.000000 0.000000 0.007000

76000 0.000000 0.000000 0.000000 0.000000 0.000000 0.000000 0.008000

77000 0.000000 0.000000 0.000000 0.000000 0.000000 0.000000 0.008000

78000 0.000000 0.000000 0.000000 0.000000 0.000000 0.000000 0.008000

79000 0.000000 0.000000 0.000000 0.000000 0.000000 0.000000 0.008000

80000 0.000000 0.000000 0.000000 0.000000 0.000000 0.000000 0.008000

81000 0.000000 0.000000 0.000000 0.000000 0.000000 0.000000 0.008000

82000 0.000000 0.000000 0.000000 0.000000 0.000000 0.000000 0.008000

83000 0.000000 0.000000 0.000000 0.000000 0.000000 0.000000 0.009000

84000 0.000000 0.000000 0.000000 0.000000 0.000000 0.000000 0.009000

85000 0.000000 0.000000 0.000000 0.000000 0.000000 0.000000 0.009000

86000 0.000000 0.000000 0.000000 0.000000 0.000000 0.000000 0.009000

87000 0.000000 0.000000 0.000000 0.000000 0.000000 0.000000 0.009000

88000 0.000000 0.000000 0.000000 0.000000 0.000000 0.000000 0.009000

89000 0.000000 0.000000 0.000000 0.000000 0.000000 0.000000 0.009000

90000 0.000000 0.000000 0.000000 0.000000 0.000000 0.000000 0.009000

91000 0.000000 0.000000 0.000000 0.000000 0.000000 0.000000 0.009000

92000 0.000000 0.000000 0.000000 0.000000 0.000000 0.000000 0.009000

93000 0.000000 0.000000 0.000000 0.000000 0.000000 0.000000 0.009000

94000 0.000000 0.000000 0.000000 0.000000 0.000000 0.000000 0.010000

95000 0.000000 0.000000 0.000000 0.000000 0.000000 0.000000 0.010000

96000 0.000000 0.000000 0.000000 0.000000 0.000000 0.000000 0.010000

97000 0.000000 0.000000 0.000000 0.000000 0.000000 0.000000 0.010000

98000 0.000000 0.000000 0.000000 0.000000 0.000000 0.000000 0.010000

99000 0.000000 0.000000 0.000000 0.000000 0.000000 0.000000 0.010000

100000 0.000000 0.000000 0.000000 0.000000 0.000000 0.000000 0.010000

100000 0.000000 0.000000 0.000000 0.000000 0.000000 0.000000 0.010000