30000 0.009000 0.004000 0.005000 0.000000 0.000000 0.003000

31000 0.009000 0.004000 0.005000 0.000000 0.000000 0.004000

32000 0.012000 0.004000 0.005000 0.000000 0.000000 0.004000

33000 0.013000 0.005000 0.005000 0.000000 0.000000 0.004000

34000 0.010000 0.005000 0.005000 0.000000 0.000000 0.004000

35000 0.010000 0.005000 0.005000 0.000000 0.000000 0.004000

36000 0.013000 0.005000 0.006000 0.000000 0.000000 0.004000

37000 0.013000 0.005000 0.006000 0.000000 0.000000 0.004000

38000 0.013000 0.005000 0.006000 0.000000 0.000000 0.004000

39000 0.014000 0.006000 0.006000 0.000000 0.000000 0.005000

40000 0.014000 0.006000 0.006000 0.000000 0.000000 0.005000

41000 0.017000 0.006000 0.006000 0.000000 0.000000 0.005000

42000 0.016000 0.006000 0.007000 0.000000 0.000000 0.005000

43000 0.016000 0.006000 0.007000 0.000000 0.000000 0.005000

44000 0.014000 0.006000 0.007000 0.000000 0.000000 0.005000

45000 0.013000 0.006000 0.007000 0.000000 0.000000 0.005000

46000 0.016000 0.007000 0.007000 0.000000 0.000000 0.005000

47000 0.017000 0.007000 0.008000 0.000000 0.000000 0.006000

48000 0.019000 0.007000 0.008000 0.000000 0.000000 0.006000

49000 0.017000 0.007000 0.008000 0.000000 0.000000 0.006000

50000 0.017000 0.007000 0.008000 0.000000 0.000000 0.006000

51000 0.016000 0.007000 0.008000 0.000000 0.000000 0.006000

52000 0.018000 0.007000 0.009000 0.000000 0.000000 0.006000

53000 0.017000 0.008000 0.009000 0.000000 0.000000 0.006000

54000 0.020000 0.008000 0.009000 0.000000 0.000000 0.007000

55000 0.022000 0.008000 0.009000 0.000000 0.000000 0.007000

56000 0.018000 0.008000 0.009000 0.000000 0.000000 0.007000

57000 0.019000 0.008000 0.010000 0.000000 0.000000 0.007000

58000 0.017000 0.008000 0.010000 0.000000 0.000000 0.007000

59000 0.018000 0.009000 0.010000 0.000000 0.000000 0.007000

60000 0.020000 0.009000 0.010000 0.000000 0.000000 0.007000

61000 0.018000 0.009000 0.010000 0.000000 0.000000 0.007000

62000 0.023000 0.009000 0.011000 0.000000 0.000000 0.008000

63000 0.021000 0.009000 0.011000 0.000000 0.000000 0.008000

64000 0.020000 0.009000 0.011000 0.000000 0.000000 0.008000

65000 0.018000 0.009000 0.011000 0.000000 0.000000 0.008000

66000 0.020000 0.010000 0.011000 0.000000 0.000000 0.008000

67000 0.020000 0.010000 0.012000 0.000000 0.000000 0.008000

68000 0.020000 0.010000 0.012000 0.000000 0.000000 0.008000

69000 0.019000 0.010000 0.012000 0.000000 0.000000 0.008000

70000 0.020000 0.010000 0.012000 0.000000 0.000000 0.009000

71000 0.020000 0.010000 0.012000 0.000000 0.000000 0.009000

72000 0.020000 0.011000 0.013000 0.000000 0.000000 0.009000

73000 0.023000 0.011000 0.013000 0.000000 0.000000 0.009000

74000 0.022000 0.011000 0.013000 0.000000 0.000000 0.009000

75000 0.022000 0.011000 0.013000 0.000000 0.000000 0.009000

76000 0.021000 0.011000 0.014000 0.000000 0.000000 0.009000

77000 0.025000 0.011000 0.014000 0.000000 0.000000 0.010000

78000 0.024000 0.012000 0.014000 0.000000 0.000000 0.010000

79000 0.022000 0.012000 0.014000 0.000000 0.000000 0.010000

80000 0.022000 0.012000 0.014000 0.000000 0.000000 0.010000

81000 0.024000 0.012000 0.014000 0.000000 0.000000 0.010000

82000 0.026000 0.012000 0.015000 0.000000 0.000000 0.010000

83000 0.027000 0.012000 0.015000 0.000000 0.000000 0.010000

84000 0.025000 0.012000 0.015000 0.000000 0.000000 0.010000

85000 0.027000 0.013000 0.015000 0.000000 0.000000 0.011000

86000 0.026000 0.013000 0.015000 0.000000 0.000000 0.011000

87000 0.025000 0.013000 0.015000 0.000000 0.000000 0.011000

88000 0.024000 0.013000 0.016000 0.000000 0.000000 0.011000

89000 0.026000 0.013000 0.016000 0.000000 0.000000 0.011000

90000 0.027000 0.013000 0.016000 0.000000 0.000000 0.011000

91000 0.026000 0.014000 0.017000 0.000000 0.000000 0.011000

92000 0.024000 0.014000 0.017000 0.000000 0.000000 0.012000

93000 0.027000 0.014000 0.017000 0.000000 0.000000 0.012000

94000 0.024000 0.014000 0.017000 0.000000 0.000000 0.012000

95000 0.031000 0.014000 0.018000 0.000000 0.000000 0.012000

96000 0.028000 0.014000 0.018000 0.000000 0.000000 0.012000

97000 0.027000 0.014000 0.018000 0.000000 0.000000 0.012000

98000 0.032000 0.015000 0.018000 0.000000 0.000000 0.012000

99000 0.030000 0.015000 0.018000 0.000000 0.000000 0.012000

100000 0.030000 0.015000 0.018000 0.000000 0.000000 0.013000

