30000 0.301000 0.004000 0.005000 0.114000 0.926000 0.004000

31000 0.328000 0.005000 0.005000 0.121000 0.986000 0.004000

32000 0.301000 0.005000 0.005000 0.129000 1.051000 0.004000

33000 0.258000 0.005000 0.005000 0.138000 1.120000 0.005000

34000 0.238000 0.005000 0.005000 0.146000 1.192000 0.005000

35000 0.353000 0.005000 0.005000 0.155000 1.254000 0.005000

36000 0.326000 0.005000 0.006000 0.163000 1.330000 0.005000

37000 0.347000 0.005000 0.006000 0.172000 1.402000 0.005000

38000 0.425000 0.006000 0.006000 0.182000 1.482000 0.005000

39000 0.497000 0.006000 0.006000 0.191000 1.560000 0.005000

40000 0.397000 0.006000 0.006000 0.201000 1.646000 0.006000

41000 0.519000 0.006000 0.006000 0.211000 1.720000 0.006000

42000 0.424000 0.006000 0.007000 0.222000 1.805000 0.006000

43000 0.317000 0.006000 0.007000 0.233000 1.901000 0.006000

44000 0.286000 0.007000 0.007000 0.243000 1.980000 0.006000

45000 0.390000 0.007000 0.007000 0.254000 2.073000 0.006000

46000 0.442000 0.007000 0.007000 0.267000 2.173000 0.006000

47000 0.449000 0.007000 0.008000 0.277000 2.263000 0.007000

48000 0.487000 0.007000 0.008000 0.290000 2.364000 0.007000

49000 0.463000 0.007000 0.008000 0.301000 2.458000 0.007000

50000 0.457000 0.007000 0.008000 0.313000 2.559000 0.007000

51000 0.527000 0.008000 0.008000 0.327000 2.668000 0.007000

52000 0.441000 0.008000 0.009000 0.340000 2.774000 0.007000

53000 0.523000 0.008000 0.009000 0.352000 2.875000 0.008000

54000 0.430000 0.008000 0.009000 0.365000 2.997000 0.008000

55000 0.460000 0.008000 0.009000 0.379000 3.099000 0.008000

56000 0.536000 0.008000 0.009000 0.394000 3.212000 0.008000

57000 0.483000 0.009000 0.010000 0.406000 3.328000 0.008000

58000 0.435000 0.009000 0.010000 0.422000 3.448000 0.008000

59000 0.413000 0.009000 0.010000 0.436000 3.569000 0.008000

60000 0.442000 0.009000 0.010000 0.453000 3.691000 0.009000

61000 0.520000 0.009000 0.010000 0.465000 3.812000 0.009000

62000 0.510000 0.009000 0.010000 0.481000 3.942000 0.009000

63000 0.569000 0.010000 0.011000 0.498000 4.068000 0.009000

64000 0.524000 0.010000 0.011000 0.515000 4.201000 0.009000

65000 0.613000 0.010000 0.011000 0.530000 4.340000 0.009000

66000 0.516000 0.010000 0.011000 0.547000 4.465000 0.010000

67000 0.502000 0.010000 0.011000 0.563000 4.602000 0.010000

68000 0.609000 0.011000 0.012000 0.581000 4.736000 0.010000

69000 0.565000 0.011000 0.012000 0.599000 4.888000 0.010000

70000 0.603000 0.011000 0.012000 0.614000 5.039000 0.010000

71000 0.464000 0.011000 0.012000 0.631000 5.177000 0.010000

72000 0.524000 0.011000 0.013000 0.649000 5.311000 0.011000

73000 0.528000 0.011000 0.013000 0.668000 5.465000 0.011000

74000 0.590000 0.011000 0.013000 0.684000 5.602000 0.011000

75000 0.599000 0.012000 0.013000 0.708000 5.762000 0.011000

76000 0.587000 0.012000 0.013000 0.726000 5.919000 0.011000

77000 0.589000 0.012000 0.014000 0.742000 6.076000 0.011000

78000 0.608000 0.012000 0.014000 0.762000 6.227000 0.012000

79000 0.550000 0.012000 0.014000 0.783000 6.401000 0.012000

80000 0.625000 0.012000 0.014000 0.804000 6.571000 0.012000

