200000 0.025000 0.042000 0.050000 . . 0.035000

300000 0.039000 0.065000 0.075000 . . 0.057000

400000 0.057000 0.084000 0.108000 . . 0.090000

500000 0.070000 0.128000 0.136000 . . 0.129000

600000 0.083000 0.150000 0.170000 . . 0.155000

700000 0.101000 0.174000 0.201000 . . 0.181000

800000 0.119000 0.195000 0.231000 . . 0.229000

900000 0.130000 0.211000 0.258000 . . 0.249000

1000000 0.146000 0.233000 0.293000 . . 0.293000

1100000 0.164000 0.284000 0.334000 . . 0.331000

1200000 0.181000 0.301000 0.359000 . . 0.373000

1300000 0.196000 0.336000 0.380000 . . 0.415000

1400000 0.214000 0.349000 0.421000 . . 0.441000

1500000 0.223000 0.379000 0.449000 . . 0.490000

1600000 0.249000 0.396000 0.483000 . . 0.516000

1700000 0.258000 0.434000 0.521000 . . 0.561000

1800000 0.285000 0.476000 0.562000 . . 0.616000

1900000 0.293000 0.493000 0.594000 . . 0.676000

2000000 0.308000 0.503000 0.618000 . . 0.654000

2100000 0.331000 0.536000 0.677000 . . 0.722000

2200000 0.344000 0.586000 0.688000 . . 0.768000

2300000 0.366000 0.639000 0.725000 . . 0.800000

2400000 0.387000 0.710000 0.748000 . . 0.852000

2500000 0.392000 0.690000 0.798000 . . 0.928000

2600000 0.409000 0.736000 0.839000 . . 0.916000

2700000 0.420000 0.770000 0.887000 . . 0.970000

2800000 0.456000 0.807000 0.923000 . . 1.044000

2900000 0.461000 0.846000 0.931000 . . 1.078000

3000000 0.484000 0.841000 0.958000 . . 1.092000

3100000 0.500000 0.880000 0.980000 . . 1.193000

3200000 0.515000 0.904000 1.067000 . . 1.229000

3300000 0.534000 0.951000 1.077000 . . 1.309000

3400000 0.555000 0.958000 1.094000 . . 1.339000

3500000 0.548000 0.956000 1.117000 . . 1.248000

3600000 0.547000 0.946000 1.105000 . . 1.280000

3700000 0.563000 0.980000 1.136000 . . 1.316000

3800000 0.583000 1.006000 1.178000 . . 1.365000

3900000 0.596000 1.034000 1.201000 . . 1.354000

4000000 0.615000 1.062000 1.242000 . . 1.421000

4100000 0.630000 1.087000 1.278000 . . 1.476000

4200000 0.648000 1.112000 1.310000 . . 1.531000

4300000 0.669000 1.294000 1.335000 . . 1.562000

4400000 0.680000 1.359000 1.370000 . . 1.588000

4500000 0.696000 1.364000 1.408000 . . 1.643000

4600000 0.745000 1.178000 1.485000 . . 1.787000

4700000 0.756000 1.214000 1.483000 . . 1.770000

4800000 0.758000 1.241000 1.509000 . . 1.839000

4900000 0.766000 1.277000 1.562000 . . 1.866000

5000000 0.782000 1.309000 1.584000 . . 1.893000
