5000000 0.778000 1.255000 1.599000 . . 1.898000

6000000 0.952000 1.525000 1.902000 . . 2.345000

7000000 1.114000 1.807000 2.257000 . . 2.808000

8000000 1.300000 2.080000 2.622000 . . 3.313000

9000000 1.484000 2.462000 2.964000 . . 3.792000

10000000 1.640000 2.824000 3.346000 . . 4.327000

11000000 1.828000 3.136000 3.675000 . . 4.836000

12000000 2.006000 3.486000 4.070000 . . 5.388000

13000000 2.207000 3.809000 4.447000 . . 5.835000

14000000 2.442000 4.211000 4.922000 . . 6.724000

15000000 2.550000 4.527000 5.121000 . . 6.817000

16000000 2.667000 4.704000 5.460000 . . 7.242000

17000000 2.846000 5.035000 5.771000 . . 7.749000

18000000 3.027000 6.238000 6.154000 . . 8.322000

19000000 3.189000 6.674000 6.586000 . . 8.833000

20000000 3.375000 7.103000 6.937000 . . 9.370000
