30000 0.000000 0.000000 0.000000 0.000000 0.000000 0.000000 0.005000

31000 0.000000 0.000000 0.000000 0.000000 0.000000 0.000000 0.005000

32000 0.000000 0.000000 0.000000 0.000000 0.000000 0.000000 0.007000

33000 0.000000 0.000000 0.000000 0.000000 0.000000 0.000000 0.007000

34000 0.000000 0.000000 0.000000 0.000000 0.000000 0.000000 0.006000

35000 0.000000 0.000000 0.000000 0.000000 0.000000 0.000000 0.006000

36000 0.000000 0.000000 0.000000 0.000000 0.000000 0.000000 0.006000

37000 0.000000 0.000000 0.000000 0.000000 0.000000 0.000000 0.006000

38000 0.000000 0.000000 0.000000 0.000000 0.000000 0.000000 0.006000

39000 0.000000 0.000000 0.000000 0.000000 0.000000 0.000000 0.006000

40000 0.000000 0.000000 0.000000 0.000000 0.000000 0.000000 0.007000

41000 0.000000 0.000000 0.000000 0.000000 0.000000 0.000000 0.006000

42000 0.000000 0.000000 0.000000 0.000000 0.000000 0.000000 0.007000

43000 0.000000 0.000000 0.000000 0.000000 0.000000 0.000000 0.008000

44000 0.000000 0.000000 0.000000 0.000000 0.000000 0.000000 0.007000

45000 0.000000 0.000000 0.000000 0.000000 0.000000 0.000000 0.007000

46000 0.000000 0.000000 0.000000 0.000000 0.000000 0.000000 0.007000

47000 0.000000 0.000000 0.000000 0.000000 0.000000 0.000000 0.008000

48000 0.000000 0.000000 0.000000 0.000000 0.000000 0.000000 0.008000

49000 0.000000 0.000000 0.000000 0.000000 0.000000 0.000000 0.008000

50000 0.000000 0.000000 0.000000 0.000000 0.000000 0.000000 0.008000

51000 0.000000 0.000000 0.000000 0.000000 0.000000 0.000000 0.008000

52000 0.000000 0.000000 0.000000 0.000000 0.000000 0.000000 0.009000

53000 0.000000 0.000000 0.000000 0.000000 0.000000 0.000000 0.009000

54000 0.000000 0.000000 0.000000 0.000000 0.000000 0.000000 0.009000

55000 0.000000 0.000000 0.000000 0.000000 0.000000 0.000000 0.009000

56000 0.000000 0.000000 0.000000 0.000000 0.000000 0.000000 0.009000

57000 0.000000 0.000000 0.000000 0.000000 0.000000 0.000000 0.010000

58000 0.000000 0.000000 0.000000 0.000000 0.000000 0.000000 0.010000

59000 0.000000 0.000000 0.000000 0.000000 0.000000 0.000000 0.010000

60000 0.000000 0.000000 0.000000 0.000000 0.000000 0.000000 0.010000

61000 0.000000 0.000000 0.000000 0.000000 0.000000 0.000000 0.010000

62000 0.000000 0.000000 0.000000 0.000000 0.000000 0.000000 0.010000

63000 0.000000 0.000000 0.000000 0.000000 0.000000 0.000000 0.010000

64000 0.000000 0.000000 0.000000 0.000000 0.000000 0.000000 0.011000

65000 0.000000 0.000000 0.000000 0.000000 0.000000 0.000000 0.011000

66000 0.000000 0.000000 0.000000 0.000000 0.000000 0.000000 0.011000

67000 0.000000 0.000000 0.000000 0.000000 0.000000 0.000000 0.011000

68000 0.000000 0.000000 0.000000 0.000000 0.000000 0.000000 0.011000

69000 0.000000 0.000000 0.000000 0.000000 0.000000 0.000000 0.012000

70000 0.000000 0.000000 0.000000 0.000000 0.000000 0.000000 0.012000

71000 0.000000 0.000000 0.000000 0.000000 0.000000 0.000000 0.012000

72000 0.000000 0.000000 0.000000 0.000000 0.000000 0.000000 0.013000

73000 0.000000 0.000000 0.000000 0.000000 0.000000 0.000000 0.012000

74000 0.000000 0.000000 0.000000 0.000000 0.000000 0.000000 0.012000

75000 0.000000 0.000000 0.000000 0.000000 0.000000 0.000000 0.010000

76000 0.000000 0.000000 0.000000 0.000000 0.000000 0.000000 0.010000

77000 0.000000 0.000000 0.000000 0.000000 0.000000 0.000000 0.010000

78000 0.000000 0.000000 0.000000 0.000000 0.000000 0.000000 0.009000

79000 0.000000 0.000000 0.000000 0.000000 0.000000 0.000000 0.009000

80000 0.000000 0.000000 0.000000 0.000000 0.000000 0.000000 0.009000

81000 0.000000 0.000000 0.000000 0.000000 0.000000 0.000000 0.009000

82000 0.000000 0.000000 0.000000 0.000000 0.000000 0.000000 0.008000

83000 0.000000 0.000000 0.000000 0.000000 0.000000 0.000000 0.008000

84000 0.000000 0.000000 0.000000 0.000000 0.000000 0.000000 0.009000

85000 0.000000 0.000000 0.000000 0.000000 0.000000 0.000000 0.009000

86000 0.000000 0.000000 0.000000 0.000000 0.000000 0.000000 0.009000

87000 0.000000 0.000000 0.000000 0.000000 0.000000 0.000000 0.009000

88000 0.000000 0.000000 0.000000 0.000000 0.000000 0.000000 0.009000

89000 0.000000 0.000000 0.000000 0.000000 0.000000 0.000000 0.009000

90000 0.000000 0.000000 0.000000 0.000000 0.000000 0.000000 0.010000

91000 0.000000 0.000000 0.000000 0.000000 0.000000 0.000000 0.010000

92000 0.000000 0.000000 0.000000 0.000000 0.000000 0.000000 0.010000

93000 0.000000 0.000000 0.000000 0.000000 0.000000 0.000000 0.009000

94000 0.000000 0.000000 0.000000 0.000000 0.000000 0.000000 0.010000

95000 0.000000 0.000000 0.000000 0.000000 0.000000 0.000000 0.010000

96000 0.000000 0.000000 0.000000 0.000000 0.000000 0.000000 0.010000

97000 0.000000 0.000000 0.000000 0.000000 0.000000 0.000000 0.010000

98000 0.000000 0.000000 0.000000 0.000000 0.000000 0.000000 0.010000

99000 0.000000 0.000000 0.000000 0.000000 0.000000 0.000000 0.010000

100000 0.000000 0.000000 0.000000 0.000000 0.000000 0.000000 0.010000

100000 0.000000 0.000000 0.000000 0.000000 0.000000 0.000000 0.010000
