30000 0.743000 0.004000 0.003000 0.783000 1.001000 0.003000

31000 0.794000 0.004000 0.003000 0.837000 1.071000 0.003000

32000 0.846000 0.004000 0.003000 0.891000 1.138000 0.004000

33000 0.000000 0.004000 0.004000 0.948000 1.212000 0.004000

34000 0.000000 0.004000 0.004000 1.007000 1.286000 0.004000

35000 0.000000 0.004000 0.004000 1.066000 1.363000 0.004000

36000 0.000000 0.004000 0.004000 1.128000 1.441000 0.004000

37000 0.000000 0.005000 0.004000 1.189000 1.521000 0.004000

38000 0.000000 0.005000 0.004000 1.253000 1.606000 0.004000

39000 0.000000 0.005000 0.004000 1.323000 1.692000 0.004000

40000 0.000000 0.005000 0.004000 1.389000 1.777000 0.005000

41000 0.000000 0.005000 0.005000 1.461000 1.869000 0.005000

42000 0.000000 0.005000 0.005000 1.531000 1.962000 0.005000

43000 0.000000 0.005000 0.005000 1.608000 2.056000 0.005000

44000 0.000000 0.005000 0.005000 1.687000 2.154000 0.005000

45000 0.000000 0.006000 0.005000 1.760000 2.254000 0.005000

46000 0.000000 0.006000 0.005000 1.842000 2.358000 0.005000

47000 0.000000 0.006000 0.005000 1.950000 2.466000 0.005000

48000 0.000000 0.006000 0.005000 2.010000 2.572000 0.005000

49000 0.000000 0.006000 0.005000 2.093000 2.674000 0.006000

50000 0.000000 0.006000 0.006000 2.181000 2.784000 0.006000

51000 0.000000 0.006000 0.006000 2.267000 2.896000 0.006000

52000 0.000000 0.007000 0.006000 2.353000 3.013000 0.006000

53000 0.000000 0.007000 0.006000 2.450000 3.129000 0.006000

54000 0.000000 0.007000 0.006000 2.540000 3.247000 0.006000

55000 0.000000 0.007000 0.006000 2.636000 3.372000 0.006000

56000 0.000000 0.007000 0.006000 2.730000 3.489000 0.006000

57000 0.000000 0.007000 0.006000 2.830000 3.620000 0.007000

58000 0.000000 0.007000 0.007000 2.932000 3.750000 0.007000

59000 0.000000 0.007000 0.007000 3.037000 3.880000 0.007000

60000 0.000000 0.008000 0.007000 3.145000 4.015000 0.007000

61000 0.000000 0.008000 0.007000 3.242000 4.151000 0.007000

62000 0.000000 0.008000 0.007000 3.354000 4.286000 0.007000

63000 0.000000 0.008000 0.007000 3.459000 4.431000 0.007000

64000 0.000000 0.008000 0.007000 3.576000 4.570000 0.007000

65000 0.000000 0.008000 0.008000 3.701000 4.715000 0.008000

66000 0.000000 0.008000 0.008000 3.802000 4.861000 0.008000

67000 0.000000 0.009000 0.008000 3.925000 5.015000 0.008000

68000 0.000000 0.009000 0.008000 4.037000 5.156000 0.008000

69000 0.000000 0.009000 0.008000 4.167000 5.312000 0.008000

70000 0.000000 0.009000 0.008000 4.284000 5.472000 0.008000

71000 0.000000 0.009000 0.008000 4.404000 5.621000 0.008000

72000 0.000000 0.009000 0.008000 4.532000 5.782000 0.008000

73000 0.000000 0.009000 0.009000 4.651000 5.947000 0.009000

74000 0.000000 0.010000 0.009000 4.787000 6.115000 0.009000

75000 0.000000 0.010000 0.009000 4.905000 6.271000 0.009000

76000 0.000000 0.010000 0.009000 5.044000 6.434000 0.009000

77000 0.000000 0.010000 0.009000 5.179000 6.616000 0.009000

78000 0.000000 0.010000 0.009000 5.300000 6.786000 0.009000

79000 0.000000 0.010000 0.009000 5.448000 6.956000 0.009000

80000 0.000000 0.010000 0.010000 5.591000 7.141000 0.010000

81000 0.000000 0.010000 0.010000 5.724000 7.320000 0.010000

82000 0.000000 0.011000 0.010000 5.913000 7.513000 0.010000

83000 0.000000 0.011000 0.010000 6.026000 7.687000 0.010000

84000 0.000000 0.011000 0.010000 6.197000 7.900000 0.010000

85000 0.000000 0.011000 0.010000 6.303000 8.061000 0.010000

86000 0.000000 0.011000 0.010000 6.493000 8.359000 0.010000

87000 0.000000 0.011000 0.010000 6.677000 8.471000 0.010000

88000 0.000000 0.011000 0.010000 6.792000 8.638000 0.011000

89000 0.000000 0.012000 0.011000 6.928000 8.881000 0.011000

90000 0.000000 0.012000 0.011000 7.062000 9.062000 0.011000

91000 0.000000 0.012000 0.011000 7.257000 9.252000 0.011000

92000 0.000000 0.012000 0.011000 7.427000 9.449000 0.011000

93000 0.000000 0.012000 0.011000 7.565000 9.666000 0.011000

94000 0.000000 0.012000 0.011000 7.727000 9.883000 0.011000

95000 0.000000 0.012000 0.011000 7.907000 10.100000 0.011000

96000 0.000000 0.013000 0.011000 8.095000 10.299000 0.012000

97000 0.000000 0.013000 0.012000 8.233000 10.519000 0.012000

98000 0.000000 0.013000 0.012000 8.418000 10.727000 0.012000

99000 0.000000 0.013000 0.012000 8.582000 10.941000 0.012000

100000 0.000000 0.013000 0.012000 8.766000 11.164000 0.012000

