3000 0.000000 0.000000 0.000000 0.000000 0.000000 0.000000 0.000000

4000 0.000000 0.000000 0.000000 0.000000 0.000000 0.000000 0.000000

5000 0.000000 0.000000 0.000000 0.000000 0.000000 0.000000 0.000000

6000 0.000000 0.000000 0.000000 0.000000 0.000000 0.000000 0.001000

7000 0.000000 0.000000 0.000000 0.000000 0.000000 0.000000 0.001000

8000 0.000000 0.000000 0.000000 0.000000 0.000000 0.000000 0.001000

9000 0.000000 0.000000 0.000000 0.000000 0.000000 0.000000 0.001000

10000 0.000000 0.000000 0.000000 0.000000 0.000000 0.000000 0.001000

11000 0.000000 0.000000 0.000000 0.000000 0.000000 0.000000 0.001000

12000 0.000000 0.000000 0.000000 0.000000 0.000000 0.000000 0.001000

13000 0.000000 0.000000 0.000000 0.000000 0.000000 0.000000 0.001000

14000 0.000000 0.000000 0.000000 0.000000 0.000000 0.000000 0.002000

15000 0.000000 0.000000 0.000000 0.000000 0.000000 0.000000 0.002000

16000 0.000000 0.000000 0.000000 0.000000 0.000000 0.000000 0.002000

17000 0.000000 0.000000 0.000000 0.000000 0.000000 0.000000 0.002000

18000 0.000000 0.000000 0.000000 0.000000 0.000000 0.000000 0.002000

19000 0.000000 0.000000 0.000000 0.000000 0.000000 0.000000 0.002000

20000 0.000000 0.000000 0.000000 0.000000 0.000000 0.000000 0.002000

21000 0.000000 0.000000 0.000000 0.000000 0.000000 0.000000 0.002000

22000 0.000000 0.000000 0.000000 0.000000 0.000000 0.000000 0.002000

23000 0.000000 0.000000 0.000000 0.000000 0.000000 0.000000 0.002000

24000 0.000000 0.000000 0.000000 0.000000 0.000000 0.000000 0.003000

25000 0.000000 0.000000 0.000000 0.000000 0.000000 0.000000 0.003000

26000 0.000000 0.000000 0.000000 0.000000 0.000000 0.000000 0.003000

27000 0.000000 0.000000 0.000000 0.000000 0.000000 0.000000 0.003000

28000 0.000000 0.000000 0.000000 0.000000 0.000000 0.000000 0.003000

29000 0.000000 0.000000 0.000000 0.000000 0.000000 0.000000 0.003000

30000 0.000000 0.000000 0.000000 0.000000 0.000000 0.000000 0.003000

31000 0.000000 0.000000 0.000000 0.000000 0.000000 0.000000 0.004000

32000 0.000000 0.000000 0.000000 0.000000 0.000000 0.000000 0.004000

33000 0.000000 0.000000 0.000000 0.000000 0.000000 0.000000 0.004000

34000 0.000000 0.000000 0.000000 0.000000 0.000000 0.000000 0.004000

35000 0.000000 0.000000 0.000000 0.000000 0.000000 0.000000 0.004000

36000 0.000000 0.000000 0.000000 0.000000 0.000000 0.000000 0.004000

37000 0.000000 0.000000 0.000000 0.000000 0.000000 0.000000 0.004000

38000 0.000000 0.000000 0.000000 0.000000 0.000000 0.000000 0.004000

39000 0.000000 0.000000 0.000000 0.000000 0.000000 0.000000 0.005000

40000 0.000000 0.000000 0.000000 0.000000 0.000000 0.000000 0.005000

41000 0.000000 0.000000 0.000000 0.000000 0.000000 0.000000 0.005000

42000 0.000000 0.000000 0.000000 0.000000 0.000000 0.000000 0.005000

43000 0.000000 0.000000 0.000000 0.000000 0.000000 0.000000 0.005000

44000 0.000000 0.000000 0.000000 0.000000 0.000000 0.000000 0.005000

45000 0.000000 0.000000 0.000000 0.000000 0.000000 0.000000 0.005000

46000 0.000000 0.000000 0.000000 0.000000 0.000000 0.000000 0.005000

47000 0.000000 0.000000 0.000000 0.000000 0.000000 0.000000 0.006000

48000 0.000000 0.000000 0.000000 0.000000 0.000000 0.000000 0.006000

49000 0.000000 0.000000 0.000000 0.000000 0.000000 0.000000 0.006000

50000 0.000000 0.000000 0.000000 0.000000 0.000000 0.000000 0.006000

51000 0.000000 0.000000 0.000000 0.000000 0.000000 0.000000 0.006000

52000 0.000000 0.000000 0.000000 0.000000 0.000000 0.000000 0.006000

53000 0.000000 0.000000 0.000000 0.000000 0.000000 0.000000 0.006000

54000 0.000000 0.000000 0.000000 0.000000 0.000000 0.000000 0.007000

55000 0.000000 0.000000 0.000000 0.000000 0.000000 0.000000 0.007000

56000 0.000000 0.000000 0.000000 0.000000 0.000000 0.000000 0.007000

57000 0.000000 0.000000 0.000000 0.000000 0.000000 0.000000 0.007000

58000 0.000000 0.000000 0.000000 0.000000 0.000000 0.000000 0.007000

59000 0.000000 0.000000 0.000000 0.000000 0.000000 0.000000 0.007000

60000 0.000000 0.000000 0.000000 0.000000 0.000000 0.000000 0.007000

61000 0.000000 0.000000 0.000000 0.000000 0.000000 0.000000 0.007000

62000 0.000000 0.000000 0.000000 0.000000 0.000000 0.000000 0.007000

63000 0.000000 0.000000 0.000000 0.000000 0.000000 0.000000 0.008000

64000 0.000000 0.000000 0.000000 0.000000 0.000000 0.000000 0.008000

65000 0.000000 0.000000 0.000000 0.000000 0.000000 0.000000 0.008000

66000 0.000000 0.000000 0.000000 0.000000 0.000000 0.000000 0.008000

67000 0.000000 0.000000 0.000000 0.000000 0.000000 0.000000 0.008000

68000 0.000000 0.000000 0.000000 0.000000 0.000000 0.000000 0.008000

69000 0.000000 0.000000 0.000000 0.000000 0.000000 0.000000 0.008000

70000 0.000000 0.000000 0.000000 0.000000 0.000000 0.000000 0.009000

71000 0.000000 0.000000 0.000000 0.000000 0.000000 0.000000 0.009000

72000 0.000000 0.000000 0.000000 0.000000 0.000000 0.000000 0.009000

73000 0.000000 0.000000 0.000000 0.000000 0.000000 0.000000 0.009000

74000 0.000000 0.000000 0.000000 0.000000 0.000000 0.000000 0.009000

75000 0.000000 0.000000 0.000000 0.000000 0.000000 0.000000 0.009000

76000 0.000000 0.000000 0.000000 0.000000 0.000000 0.000000 0.010000

77000 0.000000 0.000000 0.000000 0.000000 0.000000 0.000000 0.009000

78000 0.000000 0.000000 0.000000 0.000000 0.000000 0.000000 0.009000

79000 0.000000 0.000000 0.000000 0.000000 0.000000 0.000000 0.010000

80000 0.000000 0.000000 0.000000 0.000000 0.000000 0.000000 0.010000

81000 0.000000 0.000000 0.000000 0.000000 0.000000 0.000000 0.010000

82000 0.000000 0.000000 0.000000 0.000000 0.000000 0.000000 0.010000

83000 0.000000 0.000000 0.000000 0.000000 0.000000 0.000000 0.010000

84000 0.000000 0.000000 0.000000 0.000000 0.000000 0.000000 0.011000

85000 0.000000 0.000000 0.000000 0.000000 0.000000 0.000000 0.010000

86000 0.000000 0.000000 0.000000 0.000000 0.000000 0.000000 0.011000

87000 0.000000 0.000000 0.000000 0.000000 0.000000 0.000000 0.011000

88000 0.000000 0.000000 0.000000 0.000000 0.000000 0.000000 0.011000

89000 0.000000 0.000000 0.000000 0.000000 0.000000 0.000000 0.011000

90000 0.000000 0.000000 0.000000 0.000000 0.000000 0.000000 0.011000

91000 0.000000 0.000000 0.000000 0.000000 0.000000 0.000000 0.011000

92000 0.000000 0.000000 0.000000 0.000000 0.000000 0.000000 0.012000

93000 0.000000 0.000000 0.000000 0.000000 0.000000 0.000000 0.012000

94000 0.000000 0.000000 0.000000 0.000000 0.000000 0.000000 0.012000

95000 0.000000 0.000000 0.000000 0.000000 0.000000 0.000000 0.012000

96000 0.000000 0.000000 0.000000 0.000000 0.000000 0.000000 0.012000

97000 0.000000 0.000000 0.000000 0.000000 0.000000 0.000000 0.013000

98000 0.000000 0.000000 0.000000 0.000000 0.000000 0.000000 0.012000

99000 0.000000 0.000000 0.000000 0.000000 0.000000 0.000000 0.012000

100000 0.000000 0.000000 0.000000 0.000000 0.000000 0.000000 0.012000

100000 0.000000 0.000000 0.000000 0.000000 0.000000 0.000000 0.012000

200000 0.000000 0.000000 0.000000 0.000000 0.000000 0.000000 0.027000

300000 0.000000 0.000000 0.000000 0.000000 0.000000 0.000000 0.041000

400000 0.000000 0.000000 0.000000 0.000000 0.000000 0.000000 0.058000

500000 0.000000 0.000000 0.000000 0.000000 0.000000 0.000000 0.073000

600000 0.000000 0.000000 0.000000 0.000000 0.000000 0.000000 0.088000

700000 0.000000 0.000000 0.000000 0.000000 0.000000 0.000000 0.105000

800000 0.000000 0.000000 0.000000 0.000000 0.000000 0.000000 0.122000

900000 0.000000 0.000000 0.000000 0.000000 0.000000 0.000000 0.137000

1000000 0.000000 0.000000 0.000000 0.000000 0.000000 0.000000 0.155000

1100000 0.000000 0.000000 0.000000 0.000000 0.000000 0.000000 0.170000

1200000 0.000000 0.000000 0.000000 0.000000 0.000000 0.000000 0.191000

1300000 0.000000 0.000000 0.000000 0.000000 0.000000 0.000000 0.206000

1400000 0.000000 0.000000 0.000000 0.000000 0.000000 0.000000 0.219000

1500000 0.000000 0.000000 0.000000 0.000000 0.000000 0.000000 0.238000

1600000 0.000000 0.000000 0.000000 0.000000 0.000000 0.000000 0.254000

1700000 0.000000 0.000000 0.000000 0.000000 0.000000 0.000000 0.273000

1800000 0.000000 0.000000 0.000000 0.000000 0.000000 0.000000 0.291000

1900000 0.000000 0.000000 0.000000 0.000000 0.000000 0.000000 0.306000

2000000 0.000000 0.000000 0.000000 0.000000 0.000000 0.000000 0.321000

2100000 0.000000 0.000000 0.000000 0.000000 0.000000 0.000000 0.334000

2200000 0.000000 0.000000 0.000000 0.000000 0.000000 0.000000 0.355000

2300000 0.000000 0.000000 0.000000 0.000000 0.000000 0.000000 0.380000

2400000 0.000000 0.000000 0.000000 0.000000 0.000000 0.000000 0.390000

2500000 0.000000 0.000000 0.000000 0.000000 0.000000 0.000000 0.416000

2600000 0.000000 0.000000 0.000000 0.000000 0.000000 0.000000 0.433000

2700000 0.000000 0.000000 0.000000 0.000000 0.000000 0.000000 0.448000

2800000 0.000000 0.000000 0.000000 0.000000 0.000000 0.000000 0.471000

2900000 0.000000 0.000000 0.000000 0.000000 0.000000 0.000000 0.486000

3000000 0.000000 0.000000 0.000000 0.000000 0.000000 0.000000 0.512000

3100000 0.000000 0.000000 0.000000 0.000000 0.000000 0.000000 0.511000

3200000 0.000000 0.000000 0.000000 0.000000 0.000000 0.000000 0.542000

3300000 0.000000 0.000000 0.000000 0.000000 0.000000 0.000000 0.552000

3400000 0.000000 0.000000 0.000000 0.000000 0.000000 0.000000 0.573000

3500000 0.000000 0.000000 0.000000 0.000000 0.000000 0.000000 0.590000

3600000 0.000000 0.000000 0.000000 0.000000 0.000000 0.000000 0.613000

3700000 0.000000 0.000000 0.000000 0.000000 0.000000 0.000000 0.627000

3800000 0.000000 0.000000 0.000000 0.000000 0.000000 0.000000 0.643000

3900000 0.000000 0.000000 0.000000 0.000000 0.000000 0.000000 0.656000

4000000 0.000000 0.000000 0.000000 0.000000 0.000000 0.000000 0.691000

4100000 0.000000 0.000000 0.000000 0.000000 0.000000 0.000000 0.692000

4200000 0.000000 0.000000 0.000000 0.000000 0.000000 0.000000 0.720000

4300000 0.000000 0.000000 0.000000 0.000000 0.000000 0.000000 0.750000

4400000 0.000000 0.000000 0.000000 0.000000 0.000000 0.000000 0.756000

4500000 0.000000 0.000000 0.000000 0.000000 0.000000 0.000000 0.786000

4600000 0.000000 0.000000 0.000000 0.000000 0.000000 0.000000 0.799000

4700000 0.000000 0.000000 0.000000 0.000000 0.000000 0.000000 0.813000

4800000 0.000000 0.000000 0.000000 0.000000 0.000000 0.000000 0.838000

4900000 0.000000 0.000000 0.000000 0.000000 0.000000 0.000000 0.850000

5000000 0.000000 0.000000 0.000000 0.000000 0.000000 0.000000 0.874000

5000000 0.000000 0.000000 0.000000 0.000000 0.000000 0.000000 0.874000

6000000 0.000000 0.000000 0.000000 0.000000 0.000000 0.000000 1.041000

7000000 0.000000 0.000000 0.000000 0.000000 0.000000 0.000000 1.223000

8000000 0.000000 0.000000 0.000000 0.000000 0.000000 0.000000 1.428000

9000000 0.000000 0.000000 0.000000 0.000000 0.000000 0.000000 1.592000

10000000 0.000000 0.000000 0.000000 0.000000 0.000000 0.000000 1.821000

11000000 0.000000 0.000000 0.000000 0.000000 0.000000 0.000000 2.011000

12000000 0.000000 0.000000 0.000000 0.000000 0.000000 0.000000 2.201000

13000000 0.000000 0.000000 0.000000 0.000000 0.000000 0.000000 2.415000

14000000 0.000000 0.000000 0.000000 0.000000 0.000000 0.000000 2.593000

15000000 0.000000 0.000000 0.000000 0.000000 0.000000 0.000000 2.790000

16000000 0.000000 0.000000 0.000000 0.000000 0.000000 0.000000 3.005000

17000000 0.000000 0.000000 0.000000 0.000000 0.000000 0.000000 3.225000

18000000 0.000000 0.000000 0.000000 0.000000 0.000000 0.000000 3.364000

19000000 0.000000 0.000000 0.000000 0.000000 0.000000 0.000000 3.547000

20000000 0.000000 0.000000 0.000000 0.000000 0.000000 0.000000 3.820000

20000000 0.000000 0.000000 0.000000 0.000000 0.000000 0.000000 3.820000
