30000 0.249000 0.004000 0.004000 0.488000 0.920000 0.003000

31000 0.227000 0.005000 0.004000 0.522000 0.983000 0.003000

32000 0.246000 0.005000 0.005000 0.557000 1.046000 0.004000

33000 0.303000 0.005000 0.005000 0.595000 1.113000 0.004000

34000 0.312000 0.005000 0.005000 0.632000 1.180000 0.004000

35000 0.326000 0.005000 0.005000 0.672000 1.251000 0.004000

36000 0.320000 0.005000 0.005000 0.712000 1.324000 0.004000

37000 0.321000 0.005000 0.005000 0.754000 1.400000 0.004000

38000 0.368000 0.006000 0.006000 0.795000 1.477000 0.004000

39000 0.409000 0.006000 0.006000 0.839000 1.554000 0.005000

40000 0.428000 0.006000 0.006000 0.884000 1.633000 0.005000

41000 0.423000 0.006000 0.006000 0.931000 1.717000 0.005000

42000 0.470000 0.006000 0.006000 0.978000 1.801000 0.005000

43000 0.468000 0.006000 0.006000 1.028000 1.889000 0.005000

44000 0.469000 0.007000 0.006000 1.077000 1.981000 0.005000

45000 0.492000 0.007000 0.007000 1.130000 2.073000 0.005000

46000 0.543000 0.007000 0.007000 1.181000 2.164000 0.005000

47000 0.526000 0.007000 0.007000 1.235000 2.262000 0.005000

48000 0.588000 0.007000 0.007000 1.288000 2.357000 0.006000

49000 0.527000 0.007000 0.007000 1.343000 2.452000 0.006000

50000 0.614000 0.007000 0.007000 1.402000 2.556000 0.006000

51000 0.665000 0.008000 0.008000 1.459000 2.657000 0.006000

52000 0.637000 0.008000 0.008000 1.518000 2.760000 0.006000

53000 0.698000 0.008000 0.008000 1.580000 2.869000 0.006000

54000 0.736000 0.008000 0.008000 1.642000 2.984000 0.006000

55000 0.654000 0.008000 0.008000 1.703000 3.088000 0.006000

56000 0.802000 0.008000 0.008000 1.765000 3.204000 0.007000

57000 0.759000 0.009000 0.009000 1.832000 3.320000 0.007000

58000 0.818000 0.009000 0.009000 1.899000 3.442000 0.007000

59000 0.869000 0.009000 0.009000 1.966000 3.563000 0.007000

60000 0.847000 0.009000 0.009000 2.031000 3.678000 0.007000

61000 0.838000 0.009000 0.009000 2.104000 3.803000 0.007000

62000 0.968000 0.009000 0.009000 2.173000 3.926000 0.007000

63000 0.000000 0.010000 0.010000 2.254000 4.058000 0.007000

64000 0.000000 0.010000 0.010000 2.322000 4.188000 0.008000

65000 0.000000 0.010000 0.010000 2.399000 4.317000 0.008000

66000 0.000000 0.010000 0.010000 2.471000 4.452000 0.008000

67000 0.000000 0.010000 0.010000 2.553000 4.592000 0.008000

68000 0.000000 0.010000 0.010000 2.632000 4.733000 0.008000

69000 0.000000 0.011000 0.011000 2.705000 4.870000 0.009000

70000 0.000000 0.011000 0.011000 2.790000 5.007000 0.009000

71000 0.000000 0.011000 0.011000 2.875000 5.155000 0.009000

72000 0.000000 0.011000 0.011000 2.964000 5.309000 0.009000

73000 0.000000 0.011000 0.011000 3.042000 5.458000 0.009000

74000 0.000000 0.011000 0.012000 3.124000 5.609000 0.009000

75000 0.000000 0.012000 0.012000 3.210000 5.757000 0.009000

76000 0.000000 0.012000 0.012000 3.302000 5.908000 0.009000

77000 0.000000 0.012000 0.012000 3.387000 6.074000 0.010000

78000 0.000000 0.012000 0.012000 3.479000 6.224000 0.010000

79000 0.000000 0.012000 0.012000 3.565000 6.380000 0.010000

80000 0.000000 0.013000 0.012000 3.666000 6.541000 0.010000

81000 0.000000 0.013000 0.013000 3.764000 6.715000 0.010000

82000 0.000000 0.013000 0.013000 3.858000 6.880000 0.010000

83000 0.000000 0.013000 0.013000 3.944000 7.049000 0.010000

84000 0.000000 0.013000 0.013000 4.071000 7.263000 0.010000

85000 0.000000 0.013000 0.013000 4.191000 7.465000 0.011000
