30000 0.003000 0.004000 0.005000 0.000000 0.000000 0.004000

31000 0.003000 0.005000 0.005000 0.000000 0.000000 0.004000

32000 0.003000 0.005000 0.005000 0.000000 0.000000 0.004000

33000 0.003000 0.005000 0.005000 0.000000 0.000000 0.004000

34000 0.004000 0.005000 0.006000 0.000000 0.000000 0.004000

35000 0.004000 0.005000 0.006000 0.989000 1.309000 0.004000

36000 0.004000 0.005000 0.006000 1.044000 1.383000 0.004000

37000 0.004000 0.006000 0.006000 1.107000 1.465000 0.005000

38000 0.004000 0.006000 0.007000 1.164000 1.543000 0.005000

39000 0.004000 0.006000 0.007000 1.237000 1.634000 0.005000

40000 0.004000 0.006000 0.007000 1.288000 1.709000 0.005000

41000 0.004000 0.006000 0.007000 1.355000 1.795000 0.005000

42000 0.004000 0.006000 0.007000 1.424000 1.888000 0.005000

43000 0.005000 0.006000 0.008000 1.490000 1.973000 0.005000

44000 0.005000 0.007000 0.008000 1.570000 2.075000 0.005000

45000 0.005000 0.007000 0.008000 1.632000 2.167000 0.006000

46000 0.005000 0.007000 0.008000 1.704000 2.258000 0.006000

47000 0.005000 0.007000 0.008000 1.783000 2.356000 0.006000

48000 0.005000 0.007000 0.009000 1.855000 2.459000 0.006000

49000 0.005000 0.007000 0.009000 1.935000 2.561000 0.006000

50000 0.005000 0.008000 0.009000 2.014000 2.670000 0.006000

51000 0.006000 0.008000 0.009000 2.097000 2.779000 0.006000

52000 0.006000 0.008000 0.009000 2.187000 2.893000 0.007000

53000 0.006000 0.008000 0.010000 2.268000 3.000000 0.007000

54000 0.006000 0.008000 0.010000 2.390000 3.152000 0.007000

55000 0.006000 0.008000 0.010000 2.450000 3.241000 0.007000

56000 0.006000 0.009000 0.010000 2.538000 3.359000 0.007000

57000 0.006000 0.009000 0.010000 2.623000 3.474000 0.007000

58000 0.006000 0.009000 0.011000 2.734000 3.598000 0.007000

59000 0.006000 0.009000 0.011000 2.820000 3.722000 0.008000

60000 0.007000 0.009000 0.011000 2.907000 3.854000 0.008000

61000 0.007000 0.009000 0.011000 3.004000 3.976000 0.008000

62000 0.007000 0.009000 0.012000 3.105000 4.116000 0.008000

63000 0.007000 0.010000 0.012000 3.204000 4.244000 0.008000

64000 0.007000 0.010000 0.012000 3.338000 4.377000 0.008000

65000 0.007000 0.010000 0.012000 3.404000 4.528000 0.008000

66000 0.007000 0.010000 0.012000 0.000000 0.000000 0.008000

67000 0.008000 0.010000 0.012000 0.000000 0.000000 0.009000

68000 0.007000 0.011000 0.013000 0.000000 0.000000 0.009000

69000 0.008000 0.011000 0.013000 0.000000 0.000000 0.009000

70000 0.008000 0.011000 0.013000 0.000000 0.000000 0.009000

71000 0.008000 0.011000 0.013000 0.000000 0.000000 0.009000

72000 0.008000 0.011000 0.014000 0.000000 0.000000 0.009000

73000 0.008000 0.012000 0.014000 0.000000 0.000000 0.009000

74000 0.009000 0.012000 0.014000 0.000000 0.000000 0.010000

75000 0.008000 0.012000 0.014000 0.000000 0.000000 0.010000

76000 0.009000 0.012000 0.014000 0.000000 0.000000 0.010000

77000 0.009000 0.012000 0.014000 0.000000 0.000000 0.010000

78000 0.009000 0.012000 0.015000 0.000000 0.000000 0.010000

79000 0.009000 0.013000 0.015000 0.000000 0.000000 0.010000

80000 0.009000 0.013000 0.015000 0.000000 0.000000 0.010000

81000 0.009000 0.013000 0.015000 0.000000 0.000000 0.011000

82000 0.009000 0.013000 0.016000 0.000000 0.000000 0.011000

83000 0.010000 0.013000 0.016000 0.000000 0.000000 0.011000

84000 0.009000 0.013000 0.016000 0.000000 0.000000 0.011000

85000 0.010000 0.014000 0.016000 0.000000 0.000000 0.011000

86000 0.010000 0.014000 0.016000 0.000000 0.000000 0.011000

87000 0.010000 0.014000 0.017000 0.000000 0.000000 0.011000

88000 0.010000 0.014000 0.017000 0.000000 0.000000 0.012000

89000 0.010000 0.014000 0.017000 0.000000 0.000000 0.012000

90000 0.010000 0.014000 0.018000 0.000000 0.000000 0.012000

91000 0.010000 0.015000 0.018000 0.000000 0.000000 0.012000

92000 0.011000 0.015000 0.018000 0.000000 0.000000 0.012000

93000 0.011000 0.015000 0.018000 0.000000 0.000000 0.012000

94000 0.011000 0.015000 0.018000 0.000000 0.000000 0.012000

95000 0.011000 0.015000 0.019000 0.000000 0.000000 0.013000

96000 0.011000 0.015000 0.019000 0.000000 0.000000 0.013000

97000 0.011000 0.016000 0.019000 0.000000 0.000000 0.013000

98000 0.011000 0.016000 0.019000 0.000000 0.000000 0.013000

99000 0.011000 0.016000 0.019000 0.000000 0.000000 0.013000

100000 0.011000 0.016000 0.019000 0.000000 0.000000 0.013000

