30000 0.000000 0.000000 0.000000 0.000000 0.000000 0.000000 0.002000

31000 0.000000 0.000000 0.000000 0.000000 0.000000 0.000000 0.002000

32000 0.000000 0.000000 0.000000 0.000000 0.000000 0.000000 0.003000

33000 0.000000 0.000000 0.000000 0.000000 0.000000 0.000000 0.003000

34000 0.000000 0.000000 0.000000 0.000000 0.000000 0.000000 0.003000

35000 0.000000 0.000000 0.000000 0.000000 0.000000 0.000000 0.003000

36000 0.000000 0.000000 0.000000 0.000000 0.000000 0.000000 0.003000

37000 0.000000 0.000000 0.000000 0.000000 0.000000 0.000000 0.003000

38000 0.000000 0.000000 0.000000 0.000000 0.000000 0.000000 0.003000

39000 0.000000 0.000000 0.000000 0.000000 0.000000 0.000000 0.003000

40000 0.000000 0.000000 0.000000 0.000000 0.000000 0.000000 0.003000

41000 0.000000 0.000000 0.000000 0.000000 0.000000 0.000000 0.003000

42000 0.000000 0.000000 0.000000 0.000000 0.000000 0.000000 0.003000

43000 0.000000 0.000000 0.000000 0.000000 0.000000 0.000000 0.003000

44000 0.000000 0.000000 0.000000 0.000000 0.000000 0.000000 0.003000

45000 0.000000 0.000000 0.000000 0.000000 0.000000 0.000000 0.004000

46000 0.000000 0.000000 0.000000 0.000000 0.000000 0.000000 0.004000

47000 0.000000 0.000000 0.000000 0.000000 0.000000 0.000000 0.004000

48000 0.000000 0.000000 0.000000 0.000000 0.000000 0.000000 0.004000

49000 0.000000 0.000000 0.000000 0.000000 0.000000 0.000000 0.004000

50000 0.000000 0.000000 0.000000 0.000000 0.000000 0.000000 0.004000

51000 0.000000 0.000000 0.000000 0.000000 0.000000 0.000000 0.004000

52000 0.000000 0.000000 0.000000 0.000000 0.000000 0.000000 0.004000

53000 0.000000 0.000000 0.000000 0.000000 0.000000 0.000000 0.004000

54000 0.000000 0.000000 0.000000 0.000000 0.000000 0.000000 0.004000

55000 0.000000 0.000000 0.000000 0.000000 0.000000 0.000000 0.004000

56000 0.000000 0.000000 0.000000 0.000000 0.000000 0.000000 0.004000

57000 0.000000 0.000000 0.000000 0.000000 0.000000 0.000000 0.005000

58000 0.000000 0.000000 0.000000 0.000000 0.000000 0.000000 0.005000

59000 0.000000 0.000000 0.000000 0.000000 0.000000 0.000000 0.005000

60000 0.000000 0.000000 0.000000 0.000000 0.000000 0.000000 0.005000

61000 0.000000 0.000000 0.000000 0.000000 0.000000 0.000000 0.005000

62000 0.000000 0.000000 0.000000 0.000000 0.000000 0.000000 0.005000

63000 0.000000 0.000000 0.000000 0.000000 0.000000 0.000000 0.005000

64000 0.000000 0.000000 0.000000 0.000000 0.000000 0.000000 0.005000

65000 0.000000 0.000000 0.000000 0.000000 0.000000 0.000000 0.006000

66000 0.000000 0.000000 0.000000 0.000000 0.000000 0.000000 0.005000

67000 0.000000 0.000000 0.000000 0.000000 0.000000 0.000000 0.006000

68000 0.000000 0.000000 0.000000 0.000000 0.000000 0.000000 0.005000

69000 0.000000 0.000000 0.000000 0.000000 0.000000 0.000000 0.006000

70000 0.000000 0.000000 0.000000 0.000000 0.000000 0.000000 0.006000

71000 0.000000 0.000000 0.000000 0.000000 0.000000 0.000000 0.006000

72000 0.000000 0.000000 0.000000 0.000000 0.000000 0.000000 0.006000

73000 0.000000 0.000000 0.000000 0.000000 0.000000 0.000000 0.006000

74000 0.000000 0.000000 0.000000 0.000000 0.000000 0.000000 0.006000

75000 0.000000 0.000000 0.000000 0.000000 0.000000 0.000000 0.006000

76000 0.000000 0.000000 0.000000 0.000000 0.000000 0.000000 0.006000

77000 0.000000 0.000000 0.000000 0.000000 0.000000 0.000000 0.006000

78000 0.000000 0.000000 0.000000 0.000000 0.000000 0.000000 0.007000

79000 0.000000 0.000000 0.000000 0.000000 0.000000 0.000000 0.006000

80000 0.000000 0.000000 0.000000 0.000000 0.000000 0.000000 0.007000

81000 0.000000 0.000000 0.000000 0.000000 0.000000 0.000000 0.007000

82000 0.000000 0.000000 0.000000 0.000000 0.000000 0.000000 0.007000

83000 0.000000 0.000000 0.000000 0.000000 0.000000 0.000000 0.007000

84000 0.000000 0.000000 0.000000 0.000000 0.000000 0.000000 0.007000

85000 0.000000 0.000000 0.000000 0.000000 0.000000 0.000000 0.007000

86000 0.000000 0.000000 0.000000 0.000000 0.000000 0.000000 0.007000

87000 0.000000 0.000000 0.000000 0.000000 0.000000 0.000000 0.008000

88000 0.000000 0.000000 0.000000 0.000000 0.000000 0.000000 0.008000

89000 0.000000 0.000000 0.000000 0.000000 0.000000 0.000000 0.008000

90000 0.000000 0.000000 0.000000 0.000000 0.000000 0.000000 0.008000

91000 0.000000 0.000000 0.000000 0.000000 0.000000 0.000000 0.008000

92000 0.000000 0.000000 0.000000 0.000000 0.000000 0.000000 0.008000

93000 0.000000 0.000000 0.000000 0.000000 0.000000 0.000000 0.008000

94000 0.000000 0.000000 0.000000 0.000000 0.000000 0.000000 0.008000

95000 0.000000 0.000000 0.000000 0.000000 0.000000 0.000000 0.008000

96000 0.000000 0.000000 0.000000 0.000000 0.000000 0.000000 0.008000

97000 0.000000 0.000000 0.000000 0.000000 0.000000 0.000000 0.008000

98000 0.000000 0.000000 0.000000 0.000000 0.000000 0.000000 0.008000

99000 0.000000 0.000000 0.000000 0.000000 0.000000 0.000000 0.008000

100000 0.000000 0.000000 0.000000 0.000000 0.000000 0.000000 0.008000

100000 0.000000 0.000000 0.000000 0.000000 0.000000 0.000000 0.008000
