3000 0.000000 0.001000 0.001000 0.006000 0.011000 0.000000

4000 0.000000 0.001000 0.001000 0.009000 0.020000 0.001000

5000 0.000000 0.001000 0.001000 0.013000 0.026000 0.001000

6000 0.001000 0.001000 0.001000 0.020000 0.039000 0.001000

7000 0.001000 0.002000 0.002000 0.038000 0.059000 0.001000

8000 0.001000 0.001000 0.001000 0.035000 0.069000 0.001000

9000 0.001000 0.002000 0.002000 0.055000 0.100000 0.001000

10000 0.001000 0.002000 0.002000 0.055000 0.116000 0.002000

11000 0.001000 0.002000 0.002000 0.077000 0.143000 0.002000

12000 0.001000 0.003000 0.002000 0.096000 0.175000 0.002000

13000 0.001000 0.002000 0.002000 0.099000 0.188000 0.002000

14000 0.002000 0.003000 0.003000 0.131000 0.252000 0.003000

15000 0.002000 0.004000 0.003000 0.147000 0.282000 0.003000

16000 0.002000 0.003000 0.003000 0.166000 0.297000 0.002000

17000 0.002000 0.003000 0.003000 0.172000 0.341000 0.002000

18000 0.002000 0.004000 0.004000 0.206000 0.389000 0.003000

19000 0.002000 0.004000 0.004000 0.226000 0.430000 0.003000

20000 0.002000 0.004000 0.004000 0.242000 0.475000 0.004000

21000 0.002000 0.004000 0.004000 0.265000 0.510000 0.003000

22000 0.003000 0.004000 0.004000 0.294000 0.557000 0.003000

23000 0.002000 0.004000 0.005000 0.308000 0.591000 0.003000

24000 0.002000 0.004000 0.005000 0.346000 0.666000 0.003000

25000 0.003000 0.004000 0.005000 0.372000 0.725000 0.004000

26000 0.003000 0.005000 0.006000 0.418000 0.806000 0.004000

27000 0.003000 0.005000 0.007000 0.457000 0.861000 0.005000

28000 0.004000 0.007000 0.006000 0.486000 0.951000 0.005000

29000 0.004000 0.007000 0.006000 0.539000 0.987000 0.005000

30000 0.004000 0.006000 0.006000 0.573000 1.099000 0.006000

31000 0.004000 0.006000 0.007000 0.620000 1.164000 0.005000

32000 0.004000 0.007000 0.007000 0.664000 1.234000 0.005000

33000 0.004000 0.006000 0.007000 0.682000 1.316000 0.005000

34000 0.004000 0.008000 0.009000 0.736000 1.367000 0.005000

35000 0.004000 0.007000 0.007000 0.732000 1.428000 0.005000

36000 0.004000 0.009000 0.008000 0.837000 1.538000 0.006000

37000 0.005000 0.009000 0.008000 0.853000 1.623000 0.008000

38000 0.005000 0.009000 0.009000 0.889000 1.696000 0.006000

39000 0.004000 0.008000 0.008000 0.942000 1.843000 0.007000

40000 0.005000 0.008000 0.008000 1.006000 1.891000 0.007000

41000 0.005000 0.008000 0.009000 1.090000 2.019000 0.007000

42000 0.005000 0.009000 0.010000 1.156000 2.108000 0.006000

43000 0.005000 0.009000 0.010000 1.218000 2.244000 0.008000

44000 0.005000 0.010000 0.010000 1.202000 2.295000 0.007000

45000 0.007000 0.010000 0.011000 1.308000 2.453000 0.008000

46000 0.006000 0.010000 0.011000 1.360000 2.578000 0.008000

47000 0.006000 0.011000 0.012000 1.393000 2.664000 0.010000

48000 0.006000 0.010000 0.010000 1.494000 2.762000 0.009000

49000 0.006000 0.009000 0.011000 1.522000 2.885000 0.008000

50000 0.007000 0.012000 0.013000 1.589000 3.040000 0.009000

51000 0.006000 0.010000 0.013000 1.695000 3.153000 0.009000

52000 0.006000 0.010000 0.013000 1.732000 3.250000 0.008000

53000 0.006000 0.010000 0.011000 1.780000 3.371000 0.008000

54000 0.007000 0.012000 0.013000 1.789000 3.508000 0.010000

55000 0.007000 0.012000 0.013000 1.930000 3.649000 0.010000

56000 0.008000 0.012000 0.013000 2.001000 3.781000 0.009000

57000 0.008000 0.011000 0.013000 1.959000 3.738000 0.010000

58000 0.007000 0.011000 0.013000 2.025000 3.901000 0.010000

59000 0.007000 0.011000 0.014000 2.111000 4.074000 0.010000

60000 0.008000 0.013000 0.014000 2.185000 4.237000 0.011000

61000 0.007000 0.014000 0.014000 2.248000 4.383000 0.010000

62000 0.008000 0.013000 0.015000 2.380000 4.482000 0.010000

63000 0.007000 0.012000 0.014000 2.320000 4.568000 0.010000

64000 0.007000 0.012000 0.014000 2.455000 4.745000 0.010000

65000 0.008000 0.012000 0.014000 2.524000 4.854000 0.011000

66000 0.008000 0.014000 0.016000 2.610000 5.019000 0.010000

67000 0.008000 0.013000 0.014000 2.692000 5.161000 0.010000

68000 0.008000 0.013000 0.015000 2.798000 5.316000 0.010000

69000 0.009000 0.014000 0.018000 2.869000 5.506000 0.014000

70000 0.008000 0.014000 0.016000 2.965000 5.751000 0.014000

71000 0.008000 0.013000 0.016000 2.929000 5.692000 0.011000

72000 0.009000 0.015000 0.018000 3.068000 6.053000 0.013000

73000 0.009000 0.014000 0.016000 3.052000 5.997000 0.011000

74000 0.008000 0.014000 0.016000 3.249000 6.233000 0.011000

75000 0.009000 0.014000 0.017000 3.238000 6.350000 0.012000

76000 0.009000 0.018000 0.019000 3.331000 6.557000 0.012000

77000 0.009000 0.016000 0.020000 3.426000 6.678000 0.016000

78000 0.009000 0.015000 0.018000 3.635000 6.915000 0.012000

79000 0.009000 0.016000 0.018000 3.669000 7.161000 0.014000

80000 0.009000 0.016000 0.017000 3.747000 7.240000 0.012000

81000 0.009000 0.015000 0.018000 3.816000 7.310000 0.013000

82000 0.010000 0.016000 0.018000 3.861000 7.609000 0.013000

83000 0.010000 0.016000 0.018000 3.899000 7.763000 0.013000

84000 0.010000 0.016000 0.018000 4.066000 7.955000 0.013000

85000 0.010000 0.017000 0.019000 4.149000 8.151000 0.013000

86000 0.010000 0.018000 0.019000 4.231000 8.411000 0.013000

87000 0.010000 0.016000 0.020000 4.302000 8.503000 0.013000

88000 0.010000 0.017000 0.019000 4.406000 8.771000 0.014000

89000 0.010000 0.017000 0.020000 4.496000 8.837000 0.014000

90000 0.011000 0.017000 0.020000 4.700000 9.191000 0.014000

91000 0.011000 0.017000 0.021000 4.831000 9.232000 0.014000

92000 0.012000 0.020000 0.021000 4.746000 9.456000 0.014000

93000 0.011000 0.018000 0.023000 4.941000 9.617000 0.014000

94000 0.011000 0.018000 0.021000 4.941000 9.785000 0.015000

95000 0.011000 0.018000 0.021000 5.012000 10.029000 0.015000

96000 0.011000 0.018000 0.021000 5.229000 10.108000 0.015000

97000 0.011000 0.018000 0.022000 5.400000 10.526000 0.016000

98000 0.012000 0.022000 0.025000 5.523000 10.812000 0.016000

99000 0.013000 0.019000 0.022000 5.486000 10.894000 0.018000

100000 0.012000 0.019000 0.022000 5.732000 11.149000 0.016000

